l1
10182
10336
10354
10410
10793
10805
10949
10982
11099
11138
11173
11180
11386
11607
11713
11831
11848
12042
12140
12172
12419
12476
12508
12518
12535
12736
12908
13273
13293
13298
13303
13487
13714
13737
13946
13977
14013
14072
14073
14083
14184
14193
14337
14588
14663
14757
14772
14815
15112
15134
15153
15232
15331
15360
15408
15485
15490
15557
15669
15814
15845
16123
16153
16156
16301
16393
16467
16481
16607
16639
16904
16972
16985
16990
17173
17301
17444
17489
17529
17626
17735
17801
17812
17953
17968
18083
18109
18159
18163
18379
18550
18867
18879
18929
19005
19018
19069
19124
19191
19676
19745
20101
20169
20185
20196
20322
20345
20376
20685
20691
20697
20698
20784
20796
20863
20883
20938
21077
21266
21467
21589
21688
21845
21885
22083
22120
22162
22196
22248
22292
22402
22436
22506
22660
22669
22798
22818
22857
22913
22941
23167
23187
23203
23437
23446
23477
23998
24092
24118
24222
24597
24755
24804
24835
24856
25027
25042
25192
25261
25413
25424
25710
25719
25775
25776
26061
26220
26251
26319
26347
26351
26391
26418
26473
26535
26547
26664
26728
26910
26920
27138
27230
27292
27302
27414
27485
27501
27546
27584
27633
27710
27878
27908
27970
27976
28090
28265
28271
28370
28390
28700
28710
28731
28765
28861
29053
29163
29216
29250
29334
29450
29471
29597
29683
29716
29722
29732
30001
30036
30045
30120
30193
30279
30391
30614
30633
30810
30971
31006
31016
31033
31242
31333
31396
31425
31508
31710
31814
31838
31860
31943
31977
32060
32090
32161
32252
32315
32397
32449
32629
32935
32990
33113
33132
33181
33182
33262
33509
33533
33736
33959
34059
34154
34176
34259
34274
34329
34483
34557
34647
34656
34681
34771
34822
34827
34897
34915
34934
35018
35026
35029
35217
35273
35340
35398
35464
35521
35531
35595
35975
36010
36022
36127
36276
36367
36438
36510
36532
36533
36553
36597
36669
36815
36917
37155
37310
37379
37397
37449
37466
37594
37597
37609
37710
37748
37764
37822
37875
37981
37996
38031
38227
38232
38254
38275
38419
38444
38691
38810
38958
38967
39398
39451
39507
39520
39547
39766
39847
39986
40007
40084
40165
40338
40450
40694
40723
41031
41136
41287
41294
41318
41336
41556
41640
41677
41775
41800
41837
41953
41976
41986
42172
42214
42282
42408
42619
42664
42736
42745
42747
42843
42918
42971
43028
43058
43186
43201
43284
43366
43385
43455
43546
43628
43655
43664
43736
43767
44020
44058
44240
44268
44305
44319
44500
44697
44708
44840
45012
45279
45398
45503
45703
45720
45790
45791
45864
45950
46020
46075
46387
46447
46639
46702
46726
46758
46774
46781
46809
46875
47080
47235
47576
47619
47732
47795
47938
47954
47981
48169
48229
48261
48273
48309
48376
48533
48598
48607
48707
48800
48894
48935
48947
49028
49160
49215
49258
49318
49402
49530
49544
49672
49952
50093
50103
50104
50109
50165
50207
50246
50317
50571
50596
50625
50907
50927
51058
51135
51270
51767
51852
51908
52242
52320
52385
52404
52413
52538
52577
52603
52807
53025
53119
53216
53224
53250
53298
53346
53434
53646
53668
54020
54236
54244
54269
54331
54413
54495
54601
54605
54632
54633
54705
54868
54907
55018
55026
55100
55208
55251
55377
55683
55715
55758
55833
55857
55861
55989
56016
56270
56305
56308
56412
56501
56723
57005
57030
57066
57155
57240
57276
57437
57739
57742
57798
57866
57986
58056
58117
58164
58177
58290
58398
58468
58508
58643
58685
58694
58858
58877
58957
58967
59224
59341
59355
59430
59500
59501
59790
59969
59974
60131
60177
60238
60290
60430
60598
60760
60802
60842
60922
61066
61081
61109
61111
61202
61259
61301
61400
61540
61625
61729
61744
61855
61882
62123
62161
62201
62234
62302
62321
62346
62553
62572
62608
62757
62762
62884
63018
63035
63269
63319
63332
63364
63439
63451
63506
63641
63688
63810
63819
63919
63952
64109
64368
64414
64537
64691
65000
65144
65154
65194
65227
65463
65507
65654
65814
66068
66137
66138
66147
66352
66372
66458
66508
66515
66577
66651
66692
66756
66757
66801
66836
66890
66898
66899
67098
67114
67268
67363
67508
67607
67868
68136
68209
68237
68347
68363
68379
68425
68451
68579
68618
68628
68690
68719
68777
68826
68947
69003
69161
69396
69422
69452
69470
69645
69753
69800
69802
69841
70014
70018
70128
70263
70524
70627
70642
70811
70833
70889
71012
71031
71154
71600
71718
71745
71774
72011
72115
72129
72252
72459
72603
72620
72632
72650
72691
72750
72803
73079
73145
73197
73343
73496
73660
73753
73773
73785
73812
73828
73870
74083
74242
74245
74273
74646
74759
74802
74833
75199
75280
75345
75350
75377
75509
75593
75682
75764
75773
75935
76019
76165
76311
76385
76441
76463
76497
76624
76704
76729
76815
76896
77019
77053
77060
77104
77163
77195
77227
77263
77318
77349
77456
77490
77493
78098
78307
78426
78493
78504
78529
78577
78813
78880
78984
79004
79561
79668
79681
79752
79802
79839
79898
79941
79992
80195
80461
80523
80558
80599
80773
80820
81001
81103
81126
81211
81262
81356
81380
81381
81545
81562
81616
81729
81782
81915
81941
81944
82028
82046
82078
82093
82183
82277
82299
82304
82354
82408
82449
82526
82646
82690
82786
82847
82870
82874
83066
83079
83134
83292
83359
83377
83394
83619
83744
83801
83877
84101
84103
84238
84367
84492
84495
84503
84514
84519
84525
84629
84719
84746
84784
84824
84834
84894
84993
85014
85026
85126
85415
85559
85579
85815
85902
86041
86045
86338
86639
86799
86903
87166
87228
87295
87528
87566
87646
87680
87701
87810
87819
88081
88115
88276
88377
88407
88524
88573
88687
88728
88759
88767
88847
89013
89157
89172
89175
89256
89464
89541
89578
89653
89711
89758
90169
90206
90235
90246
90285
90339
90395
90600
90630
90879
90915
91179
91403
91405
91426
91438
91858
92239
92241
92261
92293
92310
92352
92362
92451
92555
92617
92845
92997
92999
93135
93191
93233
93255
93559
93584
93710
93731
93904
93975
93995
94064
94298
94305
94542
94568
94671
94729
94745
95009
95112
95114
95286
95577
95586
95598
95633
95740
95837
95844
95863
95886
96003
96114
96131
96176
96511
96728
96931
96967
97078
97234
97330
97357
97516
97551
97584
97640
97758
97794
97915
98222
98296
98324
98433
98679
98693
98859
98915
99036
99117
99140
99476
99601
99750
99826
99849
99869
99989
