l2
10108
10498
10676
10730
10793
10793
10793
10793
10793
10793
10793
10793
10793
10793
10867
10936
10986
10995
11285
11347
11795
11813
12093
12132
12304
12486
12794
12873
12997
13138
13261
13273
13273
13273
13273
13273
13273
13504
13649
13714
13714
13714
13714
13714
13714
13714
13714
13714
13714
13714
13714
13714
13714
13714
13872
13975
14427
14568
14772
15018
15053
15204
15331
15331
15331
15462
15504
15557
15557
15557
15557
15557
15557
15557
15557
15557
15557
15557
15557
15601
15747
16045
16156
16156
16156
16156
16156
16156
16156
16156
16156
16156
16156
16156
16156
16156
16156
16156
16300
16318
16570
16698
16820
16927
17065
17397
17501
17801
17801
17801
17801
17801
17801
17801
17801
17801
17801
18299
18336
18379
18379
18379
18379
18379
18379
18379
18379
18379
18379
18379
18379
18379
18379
18379
18379
18379
18379
18379
18379
18712
18838
19090
19287
19344
19435
19563
19836
19896
19940
20001
20223
20504
20524
20560
20716
20731
20883
20883
20883
20883
20883
20883
20883
20883
20883
20883
20883
20883
20883
20883
20883
21045
21445
21616
21622
21738
21974
22164
22277
22365
22391
22460
22670
22712
22815
23086
23294
23411
23899
24152
24188
24227
24232
24578
24579
24698
24775
24937
25148
25321
25351
25688
25694
25861
25880
25981
26063
26086
26160
26273
26868
26903
27019
27121
27189
27206
27240
27344
27377
27383
27488
27525
28002
28138
28169
28252
28344
28591
28741
28815
28867
28966
29227
29312
29399
29445
29470
29742
30274
30594
30613
30633
30633
30633
30633
30633
30633
30633
30633
30633
30633
30633
30633
31004
31266
31565
32112
32379
32773
32838
32949
33052
33664
33678
34232
34459
34510
34580
34915
34915
34915
34915
34915
34915
34915
34932
34934
34934
34934
34934
34934
34934
34934
34934
34934
34934
34934
34934
34934
34934
34934
34934
34934
34934
34934
34936
34963
34982
34990
35026
35026
35026
35026
35030
35032
35053
35285
35703
35735
35759
35866
36392
36396
36549
36571
36671
36775
36822
36954
36978
37006
37071
37155
37157
37175
37382
37598
37731
37895
38099
38227
38227
38227
38227
38227
38227
38227
38227
38227
38227
38227
38227
38227
38227
38382
38596
38665
38666
38958
38958
38958
38958
38958
38958
38958
38958
38958
38958
39266
39309
39515
39551
39678
39722
39831
39986
39986
39986
39986
39986
39986
40019
40116
40342
40501
40972
41062
41388
41456
41539
41597
41598
41678
42524
42526
42747
42747
42899
43032
43259
43335
43346
43409
43558
43691
43965
44057
44070
44363
44446
44593
44720
44764
44797
44919
45000
45107
45228
45296
45370
45429
45549
45683
45791
45791
45791
45791
45791
45791
45791
46125
46505
46538
46700
46832
46892
47020
47079
47298
47385
47386
47411
47463
47508
47513
47549
47705
47730
48005
48545
48581
48656
48924
48976
48985
49173
49689
49702
49872
49878
50118
50287
50514
50517
50585
50909
51180
51249
51496
52658
52670
52734
52839
53090
53118
53147
53216
53216
53216
53216
53216
53216
53216
53216
53216
53216
53216
53216
53216
53216
53216
53216
53216
53216
53291
53535
53650
53692
53727
54311
54344
54557
54567
54652
54705
54705
54705
54705
54705
54705
54705
54705
54705
54705
54705
54705
54705
54705
54705
54705
54705
54751
54868
54868
54868
54868
54868
54868
54868
54965
55209
55251
55251
55251
55251
55251
55251
55251
55251
55251
55378
55721
56036
56057
56295
56326
56365
56409
56426
56471
56576
56585
56651
56691
56895
56932
57086
57100
57185
57284
57461
57504
57554
57746
58006
58056
58056
58056
58056
58056
58056
58056
58056
58056
58056
58056
58056
58056
58056
58056
58056
58056
58056
58056
58056
58121
58284
58906
58965
58997
59020
59055
59184
59320
59369
59461
59556
59592
59881
59886
59926
59932
60040
60183
60416
60436
60476
60740
61054
61159
61292
61352
61354
61675
61708
61769
61815
62008
62045
62059
62161
62161
62161
62161
62161
62161
62161
62161
62234
62234
62234
62234
62234
62470
62485
62615
62749
62769
62854
63029
63103
63209
63382
63623
63830
63856
64049
64062
64077
64378
64702
64739
64934
65063
65261
65294
65352
65412
65583
65636
65647
65700
65757
66144
66152
66305
66391
66540
66592
66757
66757
66757
66757
66757
66757
66757
66757
66836
66836
66836
66836
66836
66836
66836
66836
67139
67196
67231
67268
67268
67268
67268
67268
67268
67268
67268
67268
67268
67268
67268
67268
67268
67268
67268
67268
67268
67268
67293
67481
67887
67914
67971
67976
68175
68503
68550
68666
68848
68879
68918
69003
69003
69003
69003
69003
69003
69003
69003
69003
69177
69560
69825
69834
70018
70018
70018
70018
70018
70149
70286
70309
70328
70633
70641
70672
70760
70811
70811
70811
70811
70811
71189
71311
71595
71680
71709
71718
71718
71788
71805
72362
72500
72550
72661
72889
73147
73309
73386
73406
73432
73755
73784
73920
73956
74140
74164
74511
75281
75369
75382
75410
75483
75653
75763
76074
76347
76351
76836
76937
76961
77643
77821
78168
78332
78433
78545
78794
79027
79073
79141
79261
79284
79303
79890
80172
80373
80406
80543
80576
80660
80703
80738
80861
80895
81245
81253
81344
81359
81640
81772
81803
81833
81842
81856
81921
82128
82155
82436
82635
82659
82952
82991
83041
83048
83143
83146
83571
83628
83663
83674
83917
83935
84125
84370
84538
84869
84894
84894
84894
84894
84894
84894
84894
84894
84894
84894
84894
85010
85016
85257
85337
85419
85603
85627
85665
85815
85815
85815
85815
85830
85865
85921
86025
86161
86162
86597
86600
86639
86757
86823
87012
87161
87214
87216
87413
87414
87468
87482
87487
87646
87646
87646
87646
87646
87646
87646
87646
87646
87646
87646
87646
87646
87784
87881
87903
87909
88003
88011
88177
88253
88468
88596
88612
88623
88767
88767
88767
88767
88767
88767
88767
88767
88767
88831
88897
88973
89273
89342
89514
89605
89739
89890
89934
90043
90064
90282
90329
90665
90751
90768
91216
91259
91327
91337
91343
91520
91524
91559
91562
91614
91737
91756
91824
92184
92261
92261
92261
92261
92261
92261
92416
92469
92583
92694
92752
92912
93256
93383
93538
93554
93700
93980
94098
94306
94619
94743
95004
95083
95184
95481
95495
95835
95938
96230
96310
96589
96640
96641
97024
97037
97159
97170
97842
97877
98193
98199
98310
98333
98529
98658
98670
98935
98985
99195
99203
99212
99282
99694
99904
99935
